[layers]
count=2
[noisesettings_1]
type=simple
seed=1
strength=0.356000
layerscount=3
baseroughness=1.511000
roughness=2.489000
persistence=0.500000
centerx=0.000000
centery=0.000000
centerz=0.000000
minvalue=0.844000
weightmultiplier=0.500000
[noisesettings_2]
type=rigid
seed=1
strength=0.756000
layerscount=5
baseroughness=3.200000
roughness=4.444000
persistence=0.533000
centerx=0.000000
centery=0.000000
centerz=0.000000
minvalue=0.000000
weightmultiplier=0.667000